1649
31656
1518
30860
16077
23149
8795
2135
12927
8035
22420
12184
28214
17678
5216
18189
14473
17723
17062
19217
11833
21558
26067
4207
29622
23614
30844
15220
8165
19766
19781
11592
17441
5277
30465
23422
13696
20928
31770
17897
31575
6702
22835
32433
1792
25197
5901
30887
6362
24299
30631
4054
30354
28983
32426
90
22177
30065
22787
16246
9494
1024
26578
27360
1430
31618
29315
16991
13985
26377
17466
24472
14870
5252
14453
8229
26362
28539
31469
30184
18549
29696
32445
4511
28189
19938
28869
7096
4472
30755
10577
28518
13499
28844
24822
3060
7896
21568
11453
12378
22712
30383
1412
21774
4037
19276
24224
30748
428
12704
4039
28537
21857
31328
5678
13716
1379
14493
28910
25647
16193
13115
7340
20845
23645
2724
29305
812
22512
26301
28151
27796
26190
16666
7869
10736
4460
8046
18685
11965
32415
21061
31076
6657
16806
3061
4162
9439
24811
25553
2027
24423
28422
6561
31325
12211
23939
11599
10787
18223
27877
7907
4729
568
24042
27313
17072
26089
18449
5585
2260
12337
14682
24272
12173
11817
845
26277
21315
19621
22845
26087
4741
5898
9166
16957
7596
6239
11701
6165
27067
21158
3519
3225
2698
16492
29205
31710
30756
5279
12478
22367
17261
11424
16741
18603
32264
26777
1117
27738
22903
24081
31458
14661
16772
6333
21666
26615
30176
23961
30332
28254
26379
9272
24199
25542
23155
14936
2390
24841
6624
17850
15482
12543
12815
6193
23113
25916
1181
2552
8926
8955
12584
20040
1633
15445
6576
30250
27785
27063
1603
5515
5470
14226
11225
16014
30532
31828
6781
18214
15925
27288
22189
3299
20558
5017
8708
11020
31629
28141
14102
22255
12505
13424
31900
22133
28738
12670
29649
17657
19083
19045
26139
6746
7141
24345
5614
10319
25598
21034
30445
507
24378
19700
12627
450
17728
5142
29842
24922
20665
37
23866
6181
29780
28321
29211
29630
24846
16167
31918
7890
16816
12521
16561
2609
20377
13404
22290
27684
9405
1328
12302
18946
28398
8325
154
16382
26715
27484
7938
31555
14678
7499
4816
6723
10074
17270
23535
26443
13644
28602
13584
8539
6401
26667
21837
18230
10753
27329
29964
6325
11658
22862
6695
16992
9176
25011
28490
26431
31396
30292
10908
31982
18667
10953
18337
11760
30704
18647
6239
13893
32132
12702
29119
28223
2949
24339
30519
30609
22693
6577
18854
16553
26220
13932
7551
21056
26753
28903
31786
6959
12581
13798
13479
11908
18176
29190
16245
10197
2080
14508
6578
10708
32319
22331
23427
11044
18500
10378
3510
1387
15629
15509
678
31401
11116
10354
13919
9416
23407
4743
31235
884
13541
20219
28269
7212
12061
8298
4627
24729
28145
28893
26161
20255
12291
5881
28452
435
29255
31606
5139
7916
27842
13011
8661
24924
19601
24392
29967
10528
20268
28413
3997
19382
8940
2681
7476
5647
12491
18269
11077
13541
13164
29522
6180
30543
16219
2880
32105
8083
8341
12993
6551
13883
12619
16341
31995
4971
3555
11991
32215
4721
19008
4783
14272
9118
3139
21834
6725
12372
12177
23623
19153
1377
22167
26099
24019
14219
3276
12920
11035
13932
24118
19793
16775
385
2096
2817
15840
13181
10090
3845
2303
22499
1841
28167
16692
16083
30193
16468
21224
17188
17144
14480
1152
14004
18812
4777
31109
26876
11488
28425
28930
31720
10803
28176
17198
31461
8954
8129
25163
26683
17711
7099
25294
13469
29833
21867
20160
21758
22782
129
18532
27303
13959
6560
16410
12679
29219
26458
16771
10442
26654
1883
7142
10669
30611
23524
27091
24720
26416
28028
15366
23628
1849
5346
27533
10184
13519
325
22318
8647
8819
28343
4099
1796
2502
8416
14695
25217
10898
30191
8214
22556
15118
9686
19599
32099
11614
439
5309
13481
28250
18329
28887
15962
400
24160
6021
29835
7820
3580
9540
25813
13143
2016
21259
15460
28733
21430
47
14923
16595
29777
4996
7194
22073
22755
30661
14515
9885
28272
14133
15705
1536
25986
31367
16650
15421
31
28411
8719
15431
31736
22475
25041
24754
27875
20165
29422
20853
7051
30777
11660
30446
15462
11797
24046
7718
4840
26191
8517
12887
21751
22659
1224
12203
25246
9950
6918
13127
9733
3642
31611
19592
12193
24970
24674
29580
25256
21625
22219
18677
17864
22862
13549
745
19480
5651
19133
11101
10831
13558
192
5012
3124
5103
22813
8418
15957
6051
1782
22198
8188
9609
4088
16856
29023
2379
11313
10478
21015
18799
22562
9797
979
12086
19734
3790
17742
1476
21426
19047
22910
21634
9420
348
3855
6337
19585
17198
23567
17056
17281
2707
25067
31023
12974
17085
28058
27092
5350
12767
18456
9966
11036
27886
27414
22969
30382
14501
28144
19314
11762
31691
16095
2491
24338
9912
31856
10816
13595
13334
820
29083
4944
9957
953
24949
31428
10689
13498
29166
28200
13160
30099
31295
18401
21623
29943
3230
13918
4724
12261
18787
21160
29713
23768
28008
1338
8879
5951
8117
11540
17698
24364
16989
15627
30644
16720
19107
17251
1388
15143
25697
3999
18064
12144
25771
27288
18536
32480
20399
5325
8773
6423
30175
32506
7106
6611
27731
28908
2122
18020
25704
4755
31706
32608
9902
2905
15624
31383
13569
11186
6213
22857
22517
21748
30815
28311
7032
4970
26698
19000
32434
7843
25119
23405
23344
13328
3941
16439
18242
32719
24208
5319
30625
1985
4551
22326
25685
19682
10986
13174
13526
5850
22740
19337
14194
7631
18909
20464
26606
1662
1955
31847
18800
25738
16395
19663
6045
14099
8066
32364
4862
5003
8329
12624
27816
29381
29808
15895
5404
21583
26977
5077
29292
11266
29089
12877
16799
19927
12307
5220
10071
19453
11774
7893
13233
31528
7695
26405
23917
4395
20642
26330
14415
4553
15677
28392
27332
32200
17757
28524
9929
30792
5238
26524
10761
22099
16693
4606
2373
19637
5128
8409
19193
12302
5856
7914
5437
31525
21046
18519
29417
3967
23372
28649
29692
25649
6069
17525
11583
5874
23063
2715
23333
4980
15408
7859
11254
17653
23063
21253
29996
1553
21188
32312
22558
17114
12755
19982
6619
298
9861
12878
12889
17208
11272
29697
22223
30826
1784
19680
863
28778
15397
4878
18424
1148
25751
19715
23675
27407
719
16840
16412
27025
15696
22890
26636
22664
8798
25001
16725
11743
22790
2800
2565
381
25438
12682
17806
16413
22030
18194
20589
89
10511
28715
22282
11783
1459
10866
13279
32713
13798
3761
30941
27360
6323
854
10251
2369
16394
29475
24433
9707
7104
23590
31796
25463
21975
19180
30978
12529
17408
5618
2992
230
4702
27996
17954
30398
2957
4841
15980
32332
8675
20007
566
420
7669
28899
22885
12589
5725
32740
7160
4599
5307
21465
7983
17998
3066
18063
32243
17551
981
16487
16498
28730
7577
14856
9994
18761
22060
1617
7272
9664
10574
30865
4849
10630
31263
15099
20832
28787
25825
26964
29361
7850
24064
17391
7487
19241
16975
3803
13609
30878
15509
29019
3577
4220
9288
27030
24456
5199
14744
10384
540
31053
25264
27225
13780
25133
20024
7813
31046
11068
7966
29915
13158
31917
1430
8786
13482
22320
26975
29241
21355
20167
2376
30645
10127
26581
13300
29552
10597
19064
32218
16784
14288
16409
6287
25574
18856
12098
12104
31848
20061
2479
27803
19426
477
24743
3461
2280
14264
5005
9649
8975
24962
19634
30967
18013
21626
16493
3620
13053
4712
25198
24313
15671
6604
1359
18806
2464
308
6252
9816
22926
25070
30709
10464
31695
21983
833
27606
13723
3251
28005
20430
14278
15415
31750
3754
29754
28674
10347
10336
26533
31835
22230
3325
11119
6231
6165
10218
25583
25410
10580
12398
24286
22848
9781
25461
30220
31540
8483
2704
2641
11745
5603
29756
10951
5200
27243
16743
15414
26993
29176
11312
13520
7428
9819
11247
16415
14266
2963
6773
24379
19096
29089
16021
22848
28061
2200
24547
4095
4516
31476
18363
3316
10636
556
21381
23161
28309
10635
31800
32056
17421
13115
30493
8678
32301
21411
21462
21295
4158
14067
15262
19436
26111
1276
13778
14748
27723
22342
5553
786
3319
21852
30048
26475
8698
27499
25136
2371
9168
20235
7716
14889
5920
18013
6830
6735
32156
25942
4282
24710
20008
13658
23021
24170
14399
31501
28463
5338
13971
3686
12391
27820
13556
30981
22917
26526
19827
20166
18630
23951
24775
29846
31283
6639
3568
18821
23660
28020
19738
26141
25251
2062
12739
26098
30699
12062
6176
28539
14259
9187
16829
28192
3981
20020
9573
12948
11829
32629
30273
28005
25550
25028
9795
14290
22382
26483
26566
7900
13789
20155
29294
25760
15770
3502
3926
27619
19487
14958
12394
495
20582
17309
5905
31390
18092
3348
19984
21172
8565
17624
31403
19569
17360
1097
18700
14951
28892
4509
30697
27786
21643
21901
18274
29574
2470
22862
20264
11861
16658
24771
32740
22032
28241
29937
21463
31749
7499
29363
29373
11787
21839
29103
19704
13586
11605
6024
29162
8702
30086
11094
9635
7350
6654
32083
31164
10615
8912
30422
28034
22639
30026
26246
22872
4999
14971
23751
10582
32384
3827
11385
11062
7489
24522
25570
29553
13423
6372
20968
7589
6207
2162
27524
27706
23944
7100
9587
2885
8477
22815
5679
31404
22873
15185
29725
25484
26107
20973
17416
23767
21044
19243
19406
25410
31999
19182
7513
2142
7089
13061
19921
7428
19153
16554
11536
23287
8489
9039
4439
20933
31005
28827
2879
6894
25660
6575
5618
6472
32021
17837
6042
18338
2892
13691
17946
23208
11757
5316
17405
14855
32767
23616
2475
5329
27485
10550
28387
5410
7617
11839
26725
30468
21538
8524
19951
1680
28736
19178
15467
18774
3197
6853
26727
22271
494
25963
29893
9521
5298
12115
8628
19123
14978
10526
26591
32210
12170
16668
21476
20995
19831
28178
13831
30921
22738
5947
31272
2521
14476
15756
15346
5757
19418
19004
27478
3126
21059
9860
5431
10917
6646
164
9319
4267
26722
25126
11987
9424
20737
31590
8954
23777
28276
18514
27044
10461
12757
29295
20432
1299
15433
5149
19694
30596
30420
16667
31054
31886
23666
30797
18649
9932
10851
25277
24063
30264
27334
993
2288
10898
3433
16156
18191
5382
736
22150
22179
11529
3540
18160
13008
27780
16030
9507
3015
14132
19732
24681
3897
20816
17571
3663
5393
10605
13983
9128
1122
31136
26326
16085
1182
994
9835
26436
20234
28088
20706
26167
13422
32531
8055
7367
11025
18548
18100
31528
30948
29781
4674
32046
19966
18373
29440
20496
25416
5714
13138
1389
29050
11563
17852
30604
5190
31110
25007
17128
28114
28224
25250
30956
7788
27843
7525
28667
25722
13613
8114
21683
30895
8623
3590
24691
31365
12594
5038
22810
231
9537
6437
15890
9005
14115
13469
18062
3662
10311
2268
5391
31313
12774
1609
17453
5125
6115
16967
12436
12018
25334
22721
9293
21391
1545
3078
18239
32182
29410
5848
30965
8020
25091
25791
30625
15205
20942
9380
30817
11552
237
27034
5314
28526
26609
19967
12675
30881
30265
19652
17051
32355
5654
17673
4220
13804
15404
23533
25242
25721
1564
12452
13095
21497
11360
5834
20513
9
19318
19190
3471
3874
18496
21907
27912
27665
21419
4075
24180
5032
20879
32645
32279
27316
9942
31665
29643
12335
13025
20833
22412
24502
30759
22842
16186
6205
14367
13291
22939
23297
1633
8382
15008
14014
5896
8812
15593
13090
19546
26166
7306
4226
18347
8497
12048
12237
382
22498
23743
14014
11502
17418
16158
17493
27212
19651
2230
18823
3338
17612
6678
23093
30935
25378
26650
2651
23052
10704
5997
11146
15687
12039
29005
32408
19029
31857
5518
11670
9814
30915
3554
8706
16667
3986
9815
2878
4563
2919
12065
10561
1767
22037
2970
12173
11554
4938
12935
21600
21013
18789
925
24623
9658
3207
5700
20816
8023
24557
26010
26615
10661
16765
32187
11875
23090
5022
3648
20825
14340
22861
1541
23762
21887
30830
7216
12529
16777
30303
27246
17207
5099
25299
31872
32762
6394
25822
30967
24595
24696
7756
18235
1752
13237
22839
22226
31818
14073
13273
27615
22415
14886
16030
5353
28066
31898
16509
11742
22601
26707
5513
5208
26951
2134
23491
28958
24019
15953
25139
15086
26186
31615
3639
22138
22049
204
11034
30640
4125
27194
22504
10302
710
2435
1921
5974
18713
21504
18157
5806
17277
26569
15855
26828
15608
27678
7645
17536
28835
20741
29358
12722
859
12853
2645
9053
17850
24883
26190
29404
21061
23227
27510
8293
23527
11105
17439
31955
16543
1912
10340
8360
13429
6707
186
21586
6322
20490
5832
19885
21328
8287
18553
26314
15024
6754
29007
12783
27019
14642
32250
3806
3883
17221
24105
9562
4059
14601
18592
26856
2460
5835
1418
2515
4377
28121
13073
30578
15069
6371
14381
22445
17604
4007
22969
6078
29615
7630
9676
31285
31100
272
10566
17983
30518
12959
9129
31783
28552
24515
11563
13085
15736
21953
777
1079
25426
25858
28189
9909
17889
32625
30643
8585
10213
5669
24729
13847
31170
31296
3701
26681
20854
17687
25435
18310
7885
2963
13215
24020
28632
24791
19944
26363
22939
27682
18822
13788
22790
5623
3846
27298
16423
4220
20227
24136
925
16161
23359
26460
31824
16769
5618
23554
29023
9613
27489
30011
32346
1255
2483
30567
10674
4492
19200
17417
16237
21942
1452
14539
17438
11009
14067
32706
5141
11468
15300
13554
723
10722
3027
1301
3777
22874
10986
10648
32033
22203
17535
26087
29252
10596
9612
27114
23037
23339
2203
15823
13399
25157
26656
6923
6787
25190
19212
22171
4116
2344
16287
16528
29807
2481
30846
7370
10364
31632
16389
6404
15522
8425
13790
25617
15091
22482
2771
19044
24995
15100
12000
31702
25023
13718
9613
24228
30235
3694
29819
5047
26253
11866
24636
4137
19288
9686
27495
28676
9451
13806
19436
26189
7116
24671
19110
28225
31951
17145
16687
8670
17803
16967
10744
22949
21774
18290
30361
31135
5328
5475
8293
3998
11750
31016
10050
9925
7800
22937
29368
29770
17269
27195
18759
16763
10885
1380
20990
14079
16448
29088
21577
27999
11933
5716
10763
26309
32685
25505
6124
22019
22665
29067
32757
22230
24713
6747
8794
31596
10422
5185
24726
21285
10114
20030
14013
20119
7351
5185
24334
9428
29102
16017
21448
7663
27073
28778
9024
26300
14082
10731
18991
20952
18222
12592
2128
10729
23772
5819
25387
31015
18682
22808
19243
27164
22650
27584
5879
9639
19017
9535
18687
21063
24961
22674
21333
6294
26591
7635
19903
20756
13431
3608
21002
16166
2726
30360
29345
32095
25929
18191
32606
32509
556
16228
3231
19127
16838
8329
28829
21174
12067
25764
11001
3553
17441
17004
27288
13917
15839
32725
9649
20820
5491
22511
30756
25590
28891
30731
15374
31166
8246
22561
4250
24567
31541
29294
17178
14974
13004
7777
20054
21961
27437
4792
25635
23080
12790
21223
13624
17483
9385
3001
27454
18181
23390
9017
2342
31311
27572
32723
9663
31632
6157
19127
13448
25372
32507
12670
20675
13050
24309
27408
16074
8938
16975
965
6054
28070
10089
13514
21214
873
31014
19143
8845
17838
27551
24510
21943
12346
4377
27703
13533
4956
15157
29594
3279
17268
31847
20444
23490
25010
23977
24669
21666
8736
7281
8209
11434
13027
1248
26335
26417
10430
15420
23110
5063
5335
4000
20806
12928
10174
6898
12158
12944
1451
23574
31634
16152
12295
1633
13519
20032
10286
10833
11282
9862
12148
1403
25573
20054
18534
3780
15340
6618
23890
4820
27520
19219
12297
29896
3993
30761
30435
26407
20465
11263
19204
12568
24422
29963
19422
21458
23456
22117
7159
9299
20469
20253
6892
11605
24457
27602
183
28030
23226
5760
15917
17879
17339
6298
18122
11391
1662
857
10161
30625
26584
29267
4079
21667
28640
23631
11776
16288
21400
26200
1684
3865
8655
27920
10387
26599
14149
14407
25182
11636
15889
3276
23640
16939
15424
4227
15525
11309
30143
13496
14385
29254
9595
6835
13556
17695
20934
9869
24949
18613
16381
13378
25997
4617
19303
8966
4206
11546
9057
10973
10211
16144
13496
12390
15578
6330
16983
2807
10527
19770
28962
28911
6762
8447
19233
32328
20124
25844
32225
2412
25926
4599
22551
14922
27243
14477
19079
6056
32391
6356
28708
32443
16335
30393
24953
14581
22715
32362
22343
9246
22466
19727
24688
8358
13412
29109
12051
14906
9582
31370
16633
16021
11386
25168
26416
13977
31413
29196
28917
30110
4837
27390
32216
13066
19626
3286
15130
25121
7427
19493
4186
15391
18453
19730
32624
12420
24616
30286
15258
12208
13811
12362
15318
943
7705
9383
19598
11094
12275
4590
25722
27535
24976
1921
16579
2801
9466
7633
3172
27540
27323
32466
5846
30499
11680
21164
24044
4402
27581
25780
28412
978
12465
5274
25407
6755
5420
26595
31610
24234
22446
20378
7902
11300
29329
30275
16685
3481
21321
10769
29727
6387
5867
14169
10244
15697
28652
18245
24490
14168
6443
5837
23425
8137
31282
6627
32765
18521
24761
24302
31548
23229
29548
18042
28137
28164
16879
25390
7008
1577
5662
5630
25875
12777
27289
15010
5420
15058
10880
30790
15476
7069
7803
2691
10099
12477
11006
5774
11993
22328
17355
24751
26396
28086
14520
30197
29539
27607
16306
7721
32675
970
24578
10752
9735
540
8911
29076
17302
24525
11492
5909
16
15017
9652
25020
3352
10197
3995
17665
24728
5289
30055
26638
28258
10685
4375
16755
9491
25671
20451
6939
12861
22948
22396
4735
20933
22836
28820
26905
11401
24683
31393
14620
2630
5413
19678
25186
23226
14906
10387
17318
23045
21075
8343
5107
21589
25852
6675
28764
19650
6650
19080
29166
2935
7902
22292
24547
22291
2778
30961
21016
23887
13524
19262
22466
3808
12217
9730
30300
29343
24852
10862
5348
13287
26079
25698
10054
28734
14744
9523
11801
2104
21400
31660
24201
30617
11937
27986
1684
30906
28342
21740
378
30510
6447
2627
20590
5540
4876
14119
11154
19215
22922
32178
7970
23301
10484
21457
2287
11621
1468
14335
2576
18749
23498
9044
16596
30443
10260
23743
24315
19842
24687
4496
28709
12143
3492
22329
25738
31324
19399
31317
13292
28244
9412
16105
11466
4136
31035
30186
17367
2834
27534
3072
30634
21913
312
30090
7351
7604
28256
7138
9598
16434
16301
12258
15106
20313
22109
1447
14717
27854
27281
23956
25938
31413
2027
16026
27715
26648
14427
17847
1764
7309
20790
3773
20047
18195
5769
6741
6682
5182
10412
21827
31366
3988
28698
9452
8953
13366
31615
7445
22703
28867
1043
17133
14764
8825
3111
334
28661
19357
19453
12864
9471
2333
24797
25023
18792
2933
29285
11710
1253
5839
16929
26475
25212
20078
22876
22965
3315
20300
18741
22795
12168
24066
12533
103
20194
11241
32415
16268
11848
30591
7625
7820
5393
3084
2219
23180
2139
25733
28534
16331
19712
30128
27111
25825
17862
25481
26395
11077
470
9701
20389
10514
3952
24661
3550
24587
26332
29005
28796
26076
420
31877
7014
24995
29184
29856
31431
686
3730
26636
27745
21638
1619
5417
4901
5165
28878
2477
2304
27301
11916
20807
25335
12465
11727
30594
15222
8160
26499
24813
14053
5318
10353
16249
13949
18061
31414
9762
11610
6061
17267
32721
19409
25591
26823
28033
29955
28632
5114
20385
12978
23772
25595
32442
6996
18289
9229
30546
24166
29166
23229
32016
27395
8403
17687
31009
25781
3154
4633
6105
23179
2831
29288
27038
29804
23077
20546
2818
2730
9833
17332
6191
23514
15090
5901
28552
21732
30937
28562
1933
8022
31805
28275
23551
27134
4746
24062
13893
8119
26107
16147
21775
131
606
19160
14137
20698
5912
15533
3570
4930
6760
30819
6685
32
12784
24744
30967
12238
1137
29126
9211
10989
22742
29838
10243
21757
9844
23950
22447
25899
31376
11403
32010
24937
22305
24619
20075
20420
28376
20977
10906
4594
25182
3694
24628
7979
25309
32182
1105
4155
24001
28690
7267
12756
5568
25332
8034
4392
19735
4656
4646
14007
25879
10600
17172
870
5857
10696
26876
25554
10606
22516
10562
19939
18642
17983
18748
15524
25281
20254
3804
7762
11346
5084
5263
26803
13571
21391
5220
18344
11005
11850
28273
6662
13466
10388
28275
12450
805
793
5300
939
737
15008
26162
21053
19532
17469
2045
24626
15012
22984
10721
17980
19371
27277
1093
2097
11432
1093
27987
26021
6318
18502
18777
6334
27680
16630
23151
30532
4469
11141
13147
10744
11065
2524
20913
28199
8020
4304
9023
5502
26511
18076
31399
14368
19284
25998
14158
19702
26293
22272
9333
7238
8881
23178
21414
16520
690
11638
30290
10613
27481
18036
31416
21856
18046
31119
28680
13513
10355
6240
30153
27696
23177
25218
14968
26663
28374
23110
19826
30635
16693
20903
18452
24756
2445
17280
4640
8971
25431
19708
17762
23900
28250
23374
29844
2188
27833
24995
22912
32076
560
11093
11876
30703
30875
7778
13978
3704
11704
540
14968
19704
3629
7714
31350
27671
16845
17806
23950
22000
27927
8816
24297
27938
11263
21884
32439
18979
10738
15871
14943
25304
31508
32280
20440
20579
6860
3876
20566
10045
13186
31354
17962
5508
5031
2649
29155
15254
29686
1822
25274
29406
29434
21690
28205
30446
27089
1124
19177
9422
32303
11915
21229
17556
5542
10511
12525
4405
3620
28080
31988
29339
24509
17607
3150
7672
2986
2100
30885
4185
31890
4759
8810
6014
15369
11971
12919
23785
8535
7023
24306
10037
23930
30511
30580
17833
2158
10403
31850
23053
5035
5870
17852
29884
17904
18026
31917
14075
9279
11675
27907
28553
27688
22113
29031
25976
843
8049
32526
17722
25
12805
5273
25599
12250
32723
4154
19775
15860
23868
12569
20114
24682
3015
18422
30152
11683
18637
23311
13622
32621
13430
16708
8782
1857
9444
30841
627
30665
14765
15164
6667
26527
17295
6567
29141
20824
21599
6536
1660
21697
2883
8640
5741
7528
28961
13545
486
4702
31063
16188
29008
13116
31405
31665
13775
18020
13447
13415
6167
15497
13408
25159
2433
28018
12147
28645
27486
4602
9403
9126
24715
8028
23326
29992
23878
26541
4070
20958
26943
9130
26992
5371
18418
18868
552
13970
31541
22041
8117
30203
21517
26773
27248
888
1478
23321
14619
27928
28483
13770
17616
21212
3730
9293
22839
9753
21187
20546
21756
30749
16379
17678
3712
7189
6596
16606
28879
8239
1959
5865
25811
25083
26621
1781
23239
16919
17666
11804
2029
15115
8235
29904
11396
24434
1978
7709
30197
859
10895
23598
20813
5358
24129
3603
16879
26707
19309
2753
4235
31439
13390
7514
26186
28976
2446
5807
10315
21868
16732
6148
10067
22405
9407
31507
30656
5551
1834
31571
1471
12213
7248
1145
14783
10649
24633
19007
16678
24955
17814
3429
20290
7355
7762
12790
27266
28770
29289
2765
6630
2238
14589
32343
1716
5197
10151
26779
26221
21981
3083
24183
16639
8688
25519
13868
26428
19301
9741
31005
11659
17237
29926
8915
16093
28732
9946
20805
7139
89
24630
19030
6783
15191
11789
31392
31096
5932
22410
20848
23665
5186
22916
7697
17436
9428
16467
21070
22187
9116
21474
20018
3207
7595
18950
6418
5445
29592
29454
11214
2262
5596
5276
12371
14589
24701
26291
23140
14086
23018
26384
15771
25014
22822
30398
17578
3966
22313
30181
11751
10483
28548
20963
12552
18307
21571
14749
12842
11360
14615
27671
9753
9153
31157
21827
3019
10314
32633
27927
7981
23240
10831
3298
10531
8738
16595
12000
4297
1933
11191
19468
4608
8958
101
19509
15654
11237
7910
15444
9252
536
26371
16157
22702
17165
18602
27604
8134
16205
13203
3938
32386
25637
10786
936
1040
28063
31632
4371
29943
29873
26950
3697
15263
11699
15241
13059
16916
27414
2396
20179
6407
14420
14242
23879
4118
8483
29572
9719
9037
30958
11282
24508
25068
13957
20269
2569
12906
14356
19876
28799
6075
850
10909
3259
23503
22010
6711
14963
17243
6783
29549
29121
11995
5372
31038
31678
19672
23657
16138
21843
16742
29717
11328
13388
26354
6480
25398
25262
3130
6504
3928
25675
21405
17368
24197
6803
6037
19643
10678
23213
30850
13191
4321
10695
30633
503
3613
5034
17276
30537
17414
20369
6428
29610
2915
10043
24348
14319
1030
21567
23944
19845
11508
18336
14117
10923
18374
4001
2043
26334
2895
20442
19729
5013
27007
32652
31096
3375
27783
25138
23690
22570
28478
28248
15732
24213
13508
5808
20466
8648
9061
10595
26202
13394
9920
14757
1244
4147
32040
18316
14856
7500
29770
6690
24720
31763
22800
32697
11856
26763
7878
26750
13451
18804
380
3921
13688
16318
10155
9428
29437
19012
1819
12482
23226
20919
4355
7555
13129
12504
26995
8701
11972
3307
11759
32172
1672
4712
3932
15093
1081
27123
17185
27575
7175
31118
3974
5156
31791
17934
30559
14287
13764
2251
18671
15621
25263
19868
5127
6753
27893
11523
19310
667
23352
30372
5509
673
18049
24572
4139
17897
23868
2895
3039
29957
6020
31458
548
25208
161
17515
19242
31176
14799
6342
22186
9428
6721
29673
27666
7016
4198
2330
13794
20751
10347
16224
7254
29992
23553
21047
13125
14652
3936
27271
16201
20879
24460
17367
5664
25589
9687
12734
24146
22759
21671
6555
29204
17110
4473
13446
26989
20415
12326
11655
3991
30976
29541
28677
18344
25962
13970
14977
9330
12695
25774
18820
14247
4734
24742
11989
23617
1604
17112
10480
32
1878
4051
3764
12533
30132
19550
9052
28768
10896
4797
26288
4949
27159
3375
13692
12484
10127
31163
20034
25465
20386
6956
3628
25409
3321
15195
31300
14670
15117
8876
26855
5084
31546
10459
24439
32021
8214
17145
30801
31026
25344
12977
25855
20452
6140
15056
24750
1266
21438
32005
9954
17443
14340
25828
17000
17502
23081
17457
18573
26128
30711
1116
21645
4302
28350
4424
22350
5180
10402
24912
3918
4141
29753
16012
15578
10251
31318
13648
26242
1402
17951
19446
16841
28216
4966
26590
5153
28999
22326
946
8214
28495
13995
6895
29385
574
24583
28321
9632
2097
31235
1902
26684
21911
7523
6357
26283
21139
3277
10680
24543
1955
7899
9752
95
23936
3695
15905
21821
5189
9543
13926
27464
13778
29905
3437
28290
1907
4416
6766
24021
16061
735
2392
9985
32185
24997
22549
16089
23109
20234
14607
2479
29878
16922
32499
10253
25026
22984
30133
31654
27550
10628
19668
30859
28259
13328
30431
5794
21430
2191
8760
30549
29096
13791
12056
4999
20699
2088
18131
1484
7655
17589
30813
17625
18939
22531
32269
25145
7880
10776
4258
8514
18842
3350
27524
31304
8648
31248
26188
24080
11855
4124
18309
19847
11962
2474
13492
6580
11077
7188
25495
24556
20545
30070
28843
5701
6330
19647
32496
15437
3160
14344
1264
1019
5251
15653
27390
1765
11466
20602
24252
23476
29318
13840
32736
8149
22458
30953
18999
18802
32062
27792
24810
21921
30749
27891
7936
9947
1595
20597
4388
10159
30267
16448
15528
1463
18079
27352
22475
6348
16433
17654
22327
19062
4002
19603
29902
4518
8818
579
5030
22184
19215
3268
9554
21331
28737
15063
29796
17283
19397
22350
30767
31177
31801
871
5586
11360
28216
2904
29298
3683
24773
26923
15046
2366
2285
27084
985
10851
6312
10337
10507
6462
11521
21465
19289
10602
26486
29384
21983
23845
13986
6514
11163
27649
4633
17957
25204
8669
11668
22477
12155
10772
26446
21186
26736
6900
30125
26596
16008
21874
6181
29162
5741
3355
20314
23799
8583
3150
24708
11374
7290
2217
10264
4872
22256
7105
32677
20772
26776
13334
15099
19806
14191
4678
147
7010
13118
9856
299
25859
27235
25148
21169
27015
23509
21033
29282
1861
10851
5223
12851
883
5436
32503
5488
1081
22964
2672
24739
28937
25157
21747
24759
11571
26324
20832
11613
24756
25142
30410
27311
17231
243
1065
19987
7648
27978
11343
27235
30188
7285
15902
1867
6012
302
7415
2034
28972
18289
7541
9436
30335
32132
6748
32015
31861
20021
21964
17012
17504
12387
31419
1409
10483
12223
21154
25621
8604
13012
885
8099
4116
25157
27097
24211
3124
5462
25490
7397
8714
26542
7738
4120
13868
23644
15929
586
1100
12823
29169
26784
27661
19658
17721
14568
21
22608
18701
17021
2915
2171
25475
3691
227
6748
23553
2772
2368
31422
30638
1427
8954
13812
14886
14878
2232
5333
7794
30385
20959
2820
23607
7337
355
23157
3373
46
30430
4140
18131
27412
30175
15944
31842
18179
14212
5953
15615
13014
14923
20078
8756
1858
17445
25034
673
3768
19148
12535
15599
29836
13911
1411
12038
12118
12812
28779
11648
27289
32629
8413
3933
13218
32694
6210
8696
28083
26397
24444
6457
20833
20219
8556
20493
31547
6578
20152
27923
19884
23824
11979
16281
10787
18139
541
26822
17776
12205
6580
9496
7026
20482
2027
18962
17903
19344
20082
19502
15043
1751
11670
24857
13629
31480
30914
4639
20166
31690
5190
21220
2755
9259
88
28758
22973
23700
5464
27615
22463
12273
21849
5855
18944
25263
30428
601
8130
22
3294
5869
31354
20953
28694
26886
305
30187
19832
7508
810
1685
32253
29053
11717
2246
2982
15631
22947
5290
1983
32442
13067
27773
5729
18876
16781
30114
21306
10140
4837
18415
29584
16923
3362
18252
18820
26984
11271
31612
3220
19091
11697
6714
2916
27204
29306
30600
10942
14253
5150
20548
21975
19389
30748
8956
17364
10390
24927
2819
13964
3394
17694
20932
5776
12705
26369
10839
4201
32422
133
19282
5920
5827
30625
23266
28676
17058
26794
24858
11175
5654
1908
13450
12330
24913
7098
5396
14522
16983
7359
26875
28251
27315
12342
20541
32228
28008
4191
547
20299
10538
7540
10518
16931
8910
7747
12468
4963
25600
29724
14883
20585
12852
17901
10917
31551
12767
26284
2157
17436
18918
31477
6578
31790
23382
8693
31233
9622
8535
9606
6615
17589
19803
30107
23663
22182
13211
29407
18393
4363
7108
19609
31564
20237
2541
30163
24509
20382
5069
30139
18096
10497
5675
5961
27471
5517
24213
15394
2489
32174
7509
22205
156
25388
13217
20420
12550
4528
12818
23229
4216
14468
7000
32233
8509
20890
16171
20844
17657
31184
16772
14767
7557
7794
8718
8451
28666
9216
22487
29831
15884
27186
21836
26699
2458
20794
2148
18101
30338
9289
11035
20260
16058
3412
30754
26580
11421
30232
6101
9986
3970
31324
22893
30544
24211
20342
3191
23402
32221
17680
3717
5354
22947
17196
24867
12921
19448
26982
23564
18743
141
13177
20382
23902
19143
18181
11148
15906
8724
20112
32211
22747
14464
1482
24047
18277
24451
23317
6222
7623
12061
19012
11781
15124
8997
21667
31938
8591
8927
14904
8961
6674
9932
22601
29827
9905
28870
20767
4860
2202
2636
24841
32525
23871
32026
1187
13681
5816
31228
21591
11387
21346
25061
14629
17856
22733
25915
24224
2065
13781
11638
1593
13740
20494
17641
8128
4786
24678
12511
19240
28636
8965
29162
10123
19818
15992
24184
4973
10845
9743
2983
16965
21478
31619
14427
19258
18718
13276
28301
5418
1783
914
20198
17392
20595
22003
14988
2791
18196
21444
20284
2218
26515
15659
27033
4126
16085
6861
8643
691
27418
2611
30252
8166
15736
10610
6311
28171
3976
26123
4546
8265
8543
13072
11862
7654
5055
27272
27484
3780
21135
24085
21506
4396
905
23252
1535
31947
19763
9349
20515
22266
2576
11244
7986
23619
15383
1142
11506
17184
21604
23840
9603
7173
9006
149
14063
29345
1017
8342
16130
5218
6668
28831
2908
8247
12582
21448
24516
17305
5741
8681
14015
18636
32167
18433
28769
23138
18092
18393
25444
8194
14107
23268
1143
6247
31821
15466
6104
21675
2439
24293
8485
30918
9844
4268
1392
9554
16850
21454
5009
11921
23659
27969
26304
17584
8263
28476
22371
29005
30752
17121
28196
3640
15126
29983
3399
6518
16548
19159
17466
2700
28883
24637
366
3322
9389
22402
5734
17413
27381
23216
16910
31673
1301
29909
13645
27439
12376
1635
17885
27660
3929
22743
17243
19274
18364
5529
8858
5947
10267
9251
29501
3786
27203
13158
21381
5637
26017
29289
22119
21464
17911
15412
4066
23835
6739
15084
15247
4304
20546
17983
12666
2469
28481
259
7472
18625
10356
31257
11033
32188
3739
21656
8200
4079
2625
15143
3857
19695
24118
8875
8603
24660
20544
8227
9653
30911
18958
21967
22190
15899
1645
15256
5087
32034
7871
18092
31180
11299
3240
13417
4460
11523
29706
31868
2500
28803
18740
11850
12219
24256
10070
15759
6185
10496
27448
580
12337
26795
26156
28615
10193
12184
15682
18230
27319
28042
18618
18715
6998
20219
1983
10831
17466
31000
31826
20504
13208
18188
900
6037
13610
27777
32232
11356
7737
8548
23624
12897
24572
15081
25751
18202
5152
21968
17191
7648
14248
30182
15388
15257
2039
16078
4385
5524
13867
10753
28505
6068
25773
24084
31128
21969
8966
2874
17108
27739
23541
28937
19670
21568
27070
29057
24373
11792
17604
21834
19077
18528
90
9533
27596
25964
2519
15654
1077
1024
24040
31688
14601
12184
10283
13346
20442
7110
249
17393
31490
3796
15747
29558
19020
24490
1568
633
5104
2803
9957
1678
27077
9084
20087
32407
28338
8668
12061
16266
8293
22362
13849
7797
26952
2059
19769
31679
3761
28731
23209
5040
20314
14606
29451
14387
17936
8295
29129
22491
25775
22537
27562
30245
6989
24573
12196
30973
32694
24627
18930
28547
2329
17772
15718
13838
13312
9558
26367
7025
8837
11769
16318
27518
3267
9299
28854
713
5516
13887
28003
20399
22362
9116
2108
25750
15751
682
13707
32629
32192
9143
28797
10904
17847
22524
30325
23197
28952
8130
19622
11715
23487
969
17377
12388
9256
7657
28331
19135
29222
5370
15763
15355
5592
4082
13763
18025
4825
25677
30164
28938
27576
946
31975
593
16808
27859
26609
6185
7288
9109
6486
314
28357
29809
32442
15208
10862
1817
26899
15261
31048
1119
11011
25289
28179
21331
29030
17447
16813
12716
2599
8385
28806
11114
3415
15414
19540
13753
7296
28347
22024
28951
11318
6240
29696
22201
3056
22933
22654
21803
8214
13548
11353
8248
603
32288
20978
14345
31821
14935
21610
27537
4138
21924
22290
23080
1014
20944
6435
14453
8906
21082
25008
23698
10351
10684
26584
21867
2860
19440
2880
4455
6107
18995
28865
22603
5186
15369
22365
7259
23457
14721
14712
26306
10632
19130
3652
25395
1771
28838
16254
20177
3448
11022
10072
20044
29992
8150
10934
28493
8213
18307
17308
22805
6283
17146
4071
28769
13665
16010
14396
29328
22666
1581
17215
19463
31719
12043
10501
11733
95
31296
15051
9875
29490
21727
13032
17038
15754
6455
256
30505
29268
30037
9851
23932
11853
6858
14133
65
15968
7086
21111
16625
47
6372
10279
6186
12528
9632
24123
13652
7802
1063
27251
16772
28319
8150
13384
18848
28861
26726
4896
5061
11664
29294
31939
25573
10570
297
30738
29621
3046
23930
10231
8646
9145
7725
664
7153
30282
17792
2256
2297
21347
22498
4575
30060
7784
20474
32608
1994
16872
5099
28028
16361
370
20439
13150
17816
7594
22946
18406
2691
32411
504
24226
17239
22607
30353
20730
31782
32157
6579
10154
19468
21827
29433
22646
27667
9525
7508
3096
13652
10292
22095
126
19039
8609
4759
23346
28637
25492
15290
26
22644
31529
31535
16481
26603
30490
13975
30133
12687
31891
8514
23987
13781
7745
1781
18847
9024
10669
13290
30297
7813
24264
7705
8332
21998
17862
13238
10537
25596
5936
29435
24084
17744
27189
12071
15133
26059
7490
9927
14129
2293
11474
20276
29137
4507
27782
31069
21700
27837
22136
13254
32265
9127
25805
3537
1552
22877
10633
8253
30250
14140
6311
32492
829
3295
14442
30697
24764
10048
11246
17321
16342
8991
19458
2705
20206
16040
16954
25529
19788
28240
23103
12528
1810
14592
32106
31744
19825
8053
3217
14643
16156
4839
3105
4885
29949
16104
22125
9084
26408
10896
18502
15814
7693
29911
7116
11874
1009
12354
25987
5010
27295
8642
26538
13166
6490
26329
12232
29485
30487
18174
12935
21408
9449
13379
22981
5887
7357
16181
14569
29672
10311
515
23411
31141
17468
18147
25048
2478
17346
28082
24716
2670
18469
21722
13664
14154
24779
18809
18190
12768
26474
17088
25362
14476
27768
27801
11708
9777
18403
17804
22660
7990
8707
21475
4765
4046
2253
13836
26573
24445
25929
4672
379
32216
25926
10594
32266
11404
11596
4394
21093
10913
26322
22914
27099
9472
32433
8496
30766
4147
10201
23990
12774
20333
30274
23158
24299
19658
9766
13082
31571
26327
25454
19763
23161
22357
9578
5408
79
30522
29380
562
9461
1017
8631
9742
5770
18947
26748
19282
27970
22670
20997
26491
17848
8853
27374
25606
30086
12576
15025
725
28180
19141
23833
25045
16813
13423
20473
25054
32472
28510
18717
29914
21989
6255
10369
5930
15558
19614
23233
30789
1312
14025
16337
5794
6306
10935
27118
21209
20374
29016
18644
15877
5557
10830
5426
10092
20800
26285
4187
11618
16460
24831
27710
21866
16478
30348
28568
28575
13367
17880
10856
18770
31729
5740
20132
29429
13131
28121
298
7479
10818
30203
14073
20849
19425
6267
29345
2369
26457
29591
30200
26996
3924
3110
15375
9258
903
24790
20324
17972
22662
17081
20569
29633
20957
5888
16357
22586
8796
26118
25226
19818
1714
23440
20359
32226
28222
7251
78
1692
9761
5302
29752
23518
15000
9434
15480
30049
649
19927
1102
1459
2395
17481
27005
16602
19211
3084
14590
30266
30332
323
25590
441
10767
29343
16614
22560
24180
12510
27937
12996
29632
14225
25220
7783
5311
21283
5473
29017
25739
26647
11964
27874
10845
16273
14010
3557
28580
32024
17238
20669
17492
8602
32598
27755
7553
16304
7549
18675
556
17700
3075
13571
31325
32177
31810
7894
29810
13065
4786
21592
5302
3613
21271
3723
9013
7576
7417
19497
3023
9644
19541
16267
9356
7442
21138
21449
11823
31564
23478
3363
17166
15406
21466
18591
10272
15516
24796
7924
13400
21653
9299
28327
16945
21105
22984
20852
24459
15206
9507
239
12213
30033
9571
28267
13259
15795
8082
4635
27970
4602
22008
13687
3777
27907
24464
15585
12082
32220
5048
13449
13082
15310
24108
9358
24613
31643
3893
28774
20230
27140
31774
17791
12157
3982
1000
23846
4793
16774
19519
5545
12257
9283
19116
9912
22254
8875
28171
29969
1467
32505
31808
18781
21343
24765
30758
28244
9658
1059
9160
31272
25934
28281
29396
18209
9040
19436
332
24452
26111
23186
25215
24762
3893
1710
23608
6574
4412
7215
25141
26743
26082
12665
26074
6967
31696
12136
20007
22595
3607
6802
11240
20868
6668
461
32299
18205
26454
13810
6903
7501
22085
12000
4155
2455
26726
16835
4357
6945
14164
3222
17140
8795
19920
15078
32752
15328
5908
2009
24600
673
22629
8560
8188
11584
26856
20745
14093
6842
7094
3368
12882
4681
4146
22646
10076
14985
23707
4618
21371
3033
18141
6888
15154
16900
32685
29895
24041
4385
5076
15896
20962
8631
1995
12099
23662
6181
20873
32052
23137
11073
9369
17686
3267
3648
17519
25950
7624
12758
20732
26636
29186
8349
16768
25133
6614
31419
416
27813
30509
21696
25784
6699
27499
32205
25458
3733
8613
28923
22424
6998
18703
30202
10790
1349
21427
13561
10148
22432
3433
16838
28338
26704
7939
25143
11493
29038
20936
5064
7633
25607
10020
5253
103
22556
6301
29483
30338
15853
5129
27274
700
13432
2046
3117
6278
10556
5259
32317
29304
9538
13349
20643
8933
27486
28900
11629
4787
19379
31216
26739
25193
20597
11574
12858
24970
10227
26975
29208
4130
28628
15362
2969
24222
17824
16408
4898
8160
16515
16561
13780
24979
14414
29670
22707
7868
32191
25103
13064
146
26626
19766
26628
8592
23415
11467
25509
1736
11702
4504
32478
17274
2769
1528
12018
31461
16345
15940
17441
13405
3747
11663
31622
13726
28363
21139
26688
22368
24570
20714
30672
2092
12645
10882
5570
29037
25238
11595
12944
29386
367
26930
12739
26547
10604
16979
859
27450
2088
29546
27761
3621
2851
5259
17179
13121
6850
31252
8592
1529
1687
32735
21644
16166
1763
5308
2294
11305
30553
6686
31937
11320
12069
27668
14096
6133
6701
9595
2973
18245
30615
29811
27995
10591
24971
4879
21594
8995
570
14417
15083
10158
6687
5461
30214
16171
15236
13004
27880
28651
24393
17068
29696
15801
14049
14886
20236
13159
24477
18393
7808
10925
23341
31301
15399
17972
29028
10882
19212
20973
24379
32561
32411
32167
30489
7092
23812
9697
5713
20378
224
7900
5100
23133
7703
13813
3242
5968
19969
23858
12355
9683
26315
13595
29682
25033
25117
26827
20020
16460
5881
4166
24526
25759
19175
3341
11789
355
24143
5360
21073
23054
6182
24356
17101
30874
21708
10133
6280
27514
7221
31869
30375
8146
25416
2614
30447
11239
31876
22861
16262
7637
31721
13015
9721
8832
4630
7944
899
6348
8879
12801
7821
25873
6657
6890
19825
6345
17897
10561
13955
17036
13809
15473
20818
31295
26301
20903
3371
32136
15526
9185
16607
28804
4516
4680
18374
5821
23153
16575
28676
6230
9963
9916
7691
10121
443
86
18786
6740
29492
21920
13988
19566
11133
3126
4811
23936
6131
14101
21422
8082
26569
6320
457
18883
17393
2880
20285
17214
15936
17243
8215
6761
15309
8392
26581
31840
24218
402
39
16545
12918
19291
23794
23817
8481
7923
16794
22015
29106
27177
23425
32495
22326
19425
26059
7930
21146
32359
14949
19947
27595
15363
29765
7533
1563
20942
1779
25212
21479
21699
28488
13082
11638
11545
24949
27715
20261
27601
6216
21538
17089
7819
10667
11397
30773
5533
1134
18831
20837
20582
31558
172
9561
992
277
970
32414
28533
31339
31943
6377
29716
18509
32037
25086
8579
28726
5637
464
11767
1372
11347
11754
3042
14132
23870
19469
4620
10552
1771
10267
27109
30696
18794
16691
14362
3855
5097
29214
13158
13639
4647
30954
7595
28863
3628
8660
21313
10556
6712
6508
25741
11102
5881
10739
28118
28965
27136
26632
8533
21427
30838
4740
14219
2644
14859
10658
14808
6843
30768
355
23368
7823
3462
21296
21424
550
14742
4801
28922
8336
23746
2623
21181
24791
12411
421
1041
14469
20405
30060
26529
14183
9112
8295
10753
145
2169
23788
11842
21666
16136
8500
10436
4425
32203
6916
23628
18952
14027
11917
11606
24120
25997
23698
32685
12366
31043
21448
4664
25180
12100
12674
19735
15323
29114
13709
13807
7335
3738
27993
32385
8523
23258
6746
24962
23679
5598
22446
16806
18927
8499
17152
16127
24126
24703
11436
13957
22603
21944
4900
24566
14259
19861
28050
32224
31895
12354
2495
21499
5279
19032
307
22461
6462
8716
2462
20265
17208
11431
9334
20968
14178
30774
29154
24730
4265
7554
10967
1646
19286
3650
1664
14576
30097
5008
3812
27171
18723
4250
10435
208
4736
23962
21184
11037
2308
20232
24518
16225
31869
15629
12452
7991
31722
7996
12538
20690
22914
4221
7001
17040
12280
20297
18598
27857
19710
3613
3775
17929
9480
10280
29281
15636
13394
3655
12362
11722
28964
52
24986
980
13141
26107
16255
32702
13582
23981
18961
21068
4304
20823
22139
530
24760
10549
18524
20287
25346
28196
31341
2490
18381
28758
6755
3440
3101
17993
31767
22764
1574
14330
10212
29224
1736
27222
10320
3490
13398
24305
23279
11187
667
7162
18565
8220
27679
4207
18539
14306
20646
2189
29492
29021
7418
18059
10383
31371
8170
4999
11375
27050
12435
23745
8042
25605
2526
12551
22111
9998
32586
12912
21852
10157
28396
20557
29119
15320
5300
23901
24475
612
8945
22080
11869
32026
17431
27694
30895
4366
27072
10217
19356
24876
3314
14576
2293
14100
17312
17654
18676
28200
20339
19346
32544
5346
2506
29240
26224
14444
20735
19560
30899
3690
23276
29733
29999
28954
4269
1705
14985
24992
22440
22871
30693
1179
27595
31473
31053
19708
12053
21771
4951
18712
4696
448
29186
17916
31549
10659
20194
15616
19336
32248
21117
16287
28061
8997
9460
21893
2627
8035
29158
234
19369
8633
25489
23839
20903
13611
22842
2918
15173
13359
23759
25095
27009
4192
7116
4512
24397
17014
26459
13501
25304
30326
32703
32168
17422
18470
12018
30339
27746
9156
30349
1939
7115
7927
21737
14303
30476
24070
25988
23546
19257
22856
24742
10013
10871
5852
15940
21112
17923
11417
36
20170
10614
7752
26434
13360
15175
27665
6259
25658
9873
25908
29768
4676
4630
4858
9781
9732
18565
20458
12018
11359
13816
24383
28194
19073
24257
6298
28467
26412
13158
31733
32133
32336
26090
16856
17358
21213
9294
15311
31421
29397
23640
6427
27357
16805
27795
25512
17853
31925
26263
18751
6734
28222
18058
1277
26764
16988
17383
32004
6240
12900
8062
26736
22469
31351
4797
4493
9259
19799
17453
2119
792
14970
25919
22753
11797
14941
23881
6890
13768
21787
9676
27757
24670
5950
15352
11625
18220
18645
19314
3968
30613
6855
30292
19955
6958
15974
24182
8654
27424
6983
21484
18016
29390
5970
19663
8686
26040
9493
2625
26281
3231
3165
3755
16348
3563
8456
18761
24426
5449
23573
6889
32632
7832
2813
6127
11367
26630
2374
11165
27397
20342
14421
145
3844
7974
10628
21135
21931
3470
11892
3457
6347
29835
17317
23996
11765
956
2371
5509
17898
29228
15939
3028
24659
29490
29103
22616
10162
29334
24126
4282
18841
23541
9256
27430
7962
29031
21816
27144
14718
30046
1827
29971
10041
11218
24600
904
1310
30363
20888
15285
12240
4382
30088
11196
10617
12075
16773
32661
1982
806
1143
22614
32242
28517
25193
10418
22409
26330
17048
15040
30416
16626
25545
17150
11228
1212
2784
9366
30656
28494
32687
19168
4100
14693
19468
15399
13906
24651
28966
18864
14449
30206
1817
248
11384
15502
31423
16958
15675
4295
24009
8257
6922
26640
32015
27979
25755
26003
12581
6510
7236
19102
7471
17934
32109
17993
20470
12960
17990
26714
31547
26288
18869
15205
13643
15657
23955
19000
30931
13521
30999
5238
22262
10771
6034
13953
3997
24065
13149
18589
1038
28313
27920
14675
14273
9287
13045
10004
21358
14508
31933
32031
24171
31390
28529
22437
8757
29552
32171
29482
27725
29043
22533
11054
8773
7100
16850
19469
23578
29480
7692
15396
30916
25758
18574
16437
24844
20628
3971
24332
27806
11221
24863
10339
7519
7553
397
25348
9472
15957
23848
26157
26836
23852
19181
8760
30686
27846
21296
7291
10031
32457
20111
25198
18543
28677
28965
14347
11961
10748
5632
1403
30124
7586
24276
18414
16062
23393
31728
2507
22740
27744
12402
9737
1552
20741
26295
23260
21482
18617
26902
28565
14723
18155
4814
29123
28725
14679
3388
19871
14959
904
27986
17831
3264
21403
17732
3464
19761
13383
32388
3137
7384
26
4081
2438
24490
6661
25676
19042
30353
3867
1259
24865
24511
1430
23729
13421
12609
7451
10045
439
8663
9279
24674
24281
5123
18249
18391
32505
22368
7225
19760
16048
5173
12298
30733
15211
5450
31029
8338
31250
25594
21366
3095
24808
27274
26834
16928
2227
4281
11225
11663
10524
1688
18217
24088
9304
12700
9779
32246
30216
28658
31554
20444
2398
9746
26297
18735
14978
19095
9115
7282
1844
25678
23889
18434
12978
11917
4776
32003
24796
22470
10778
29338
27798
3675
6990
31068
32110
20404
20962
25351
8319
11664
11623
4720
26772
32152
17069
18365
22929
10042
16961
31956
8975
948
10293
26132
28231
1135
6431
27458
17201
5007
4196
11462
18669
25288
17335
26903
25953
7283
24540
22132
36
10977
690
17621
27802
2543
5744
7201
16225
22234
29231
2721
4844
4693
25513
30645
32622
18649
1600
3781
18938
5437
2882
30331
3816
12678
22379
2095
27514
2560
6571
7075
27328
1678
16170
15089
14776
32318
26762
21185
26298
2336
17516
12991
12307
9305
29493
29261
9713
23667
22546
3444
9087
29175
31545
20001
25424
11326
24946
21902
13057
20100
31958
23038
2586
25406
6871
27821
2102
20909
29569
23559
7780
29108
15872
1560
26572
4583
28257
12100
30102
9188
157
12600
4615
742
29907
5664
16109
2199
24789
29722
29502
25638
15078
7403
23548
26522
16834
30194
9307
16230
9695
3162
2342
18493
22515
14739
15199
30503
8374
27650
22054
2005
26089
26615
27611
25905
16535
5344
28295
58
18587
10941
30584
2319
14690
21460
12844
15945
21490
5798
28273
18062
8747
7201
7625
18532
32589
9751
16403
13378
2491
18927
872
29933
25087
17307
6980
31234
23309
29898
4838
20686
32716
25694
7929
16230
4562
21024
12915
5620
25967
12978
23230
10832
16110
10182
10006
12752
5399
18574
7986
28000
23801
20083
3366
23509
17126
31242
7816
26238
29886
17476
8401
15356
24945
12261
23815
19796
4543
20279
22169
8515
32322
20991
29067
29138
1711
12208
17362
18473
28249
16863
5634
2728
502
25335
22310
12596
19110
25902
2031
5071
29233
30135
24850
1900
15504
16441
14571
15617
15024
26241
27750
5853
6770
8308
20255
26684
14326
6215
26312
21273
21529
22258
30156
14403
5180
21729
6449
28083
12104
749
32195
12061
27630
24460
28783
31941
21556
27716
19949
23700
16941
5990
5538
12651
10759
28152
9156
7351
17740
10739
22207
7750
865
28847
9175
26201
25427
21915
24335
3578
6866
30001
14922
10639
11902
15401
16305
27056
24418
12013
19284
15926
4542
17742
18452
12180
4362
11893
13248
25195
21815
4380
11902
31064
11576
7166
6509
18705
29377
31371
2184
4784
11087
481
3022
14414
14952
10744
5024
8148
2340
10012
29802
14350
18156
14241
19845
21505
10114
31186
22364
20607
16961
24106
23758
14328
30375
2503
25556
22675
31248
15643
18788
125
29380
4837
21653
21633
17460
11103
1283
29914
28801
6073
8309
25669
13118
6599
17341
25946
14711
3063
31456
16923
6898
1413
9335
12750
30900
3826
9301
20744
25799
31410
10602
24587
30523
13861
2791
15185
13419
9928
163
17001
10370
26541
15038
8450
23613
31528
7300
11846
1778
17612
7828
22121
8657
24469
7233
17025
16490
9319
4152
12952
21103
29879
1123
15871
12987
7560
14606
28134
10132
26266
18249
26154
14381
8670
17037
4206
31599
20268
7586
32109
17401
10296
22207
28814
19814
10435
12020
18874
20174
26382
28869
16746
5775
20628
2584
11012
4941
7928
32081
12647
28215
6461
28091
16836
6796
30005
19242
6321
32350
27964
24798
9592
6295
24102
19371
14261
18489
373
6999
11040
6378
6095
9028
1447
14511
6064
15950
15296
31480
13405
2551
3837
3293
20761
23746
15072
16039
13466
31708
25586
1682
4286
21505
32015
8401
12923
14750
5892
28883
28180
29747
20060
1989
7059
6396
19318
29784
14195
30928
2267
16324
31645
9545
21455
15373
1174
20773
15142
1924
22262
4076
24665
27026
22812
14547
24281
27825
5408
28897
15779
22971
22281
8272
7957
30823
31552
22326
8960
14608
325
25957
12030
11193
13985
10639
4358
26703
3612
23470
12349
19501
30511
22178
16399
12518
18876
9500
10623
62
6653
21948
7867
18809
2235
23158
3316
15321
25536
30522
24684
10850
10894
980
20177
31968
19281
1297
7113
12843
11283
24867
3022
22442
21551
13126
31036
6678
18952
676
16296
21376
30970
24694
29044
14998
13201
12653
2976
5922
9721
9808
7139
8147
19638
10214
3323
25920
17301
14870
3393
28202
227
6733
17280
26881
20700
7456
17927
5802
9574
3891
2045
21120
3584
7513
12533
23449
27637
2044
4802
17226
14037
9664
12685
9453
25893
31075
4645
2785
19798
24296
17045
9427
4852
5108
20732
13116
29728
8056
9369
19499
2880
23696
27942
23877
22773
11435
7271
3850
10830
5357
7682
27994
12091
19153
16785
31031
21828
29715
2806
1996
14970
7629
23790
4782
19630
12000
12778
23907
26850
22933
22298
5153
3837
20612
24010
18391
32195
17077
14065
27506
19203
25350
11527
13913
19474
32460
12312
4153
25209
26557
10263
27144
235
13582
16756
10308
31866
8152
26608
636
32266
32448
25521
31762
10245
9431
19601
23103
17488
10175
18364
15191
3710
20752
17274
13135
28228
16121
9545
4476
13869
30763
7727
13213
14991
30450
6478
2588
21694
28581
30905
12689
9855
22081
5254
17800
12736
26449
12325
20612
6278
14353
23024
32068
6438
4562
26882
27972
6840
7328
3405
22663
24009
7459
9703
23188
9552
18883
20901
4287
27619
31503
28139
28073
31019
15200
30658
26122
27542
31161
811
23214
2635
25586
15540
25534
29539
11286
10568
24897
31318
15625
6219
29922
19123
8814
31719
18676
8981
10183
7072
18611
15442
29406
21807
11725
12533
7525
24461
1825
30959
4569
17486
7366
19849
12204
816
21839
2461
31394
5108
77
23046
22908
14956
10774
21077
10196
24790
23749
14789
8008
27752
29314
9330
23514
16428
23812
11461
32663
25102
1619
24883
14711
30260
11987
14887
13189
1165
27774
11324
11327
15533
12145
10928
16192
11224
28586
11798
8476
6492
26640
4938
21132
32036
691
26282
3787
17547
23126
28547
31039
22894
29995
4042
20060
8069
7389
19469
7110
23539
30675
4008
17333
15131
18356
316
20382
26806
28966
31581
22032
28194
12508
32139
30684
19197
8655
10596
14456
31731
30923
8215
13733
25556
6446
21532
592
19178
26349
8995
10422
26761
31191
19530
6092
10983
5662
5778
32734
12590
3603
15252
25206
11216
28977
27248
22911
5915
11357
30471
22954
1037
32620
2410
29713
25449
27622
24977
23323
1802
265
849
11935
19832
10513
24200
21324
11193
23479
18331
22856
2410
23032
21538
13847
8974
22295
28641
21951
26277
13029
15867
18217
32385
10560
6754
1995
32341
6874
20370
12932
26255
21308
21631
5575
29159
28682
9931
29948
24888
19848
5437
31011
14735
7261
3695
5307
10370
1175
18374
24290
708
31216
20647
10685
4342
9551
26088
22554
7871
1938
6533
13908
30
14731
8853
23159
255
27976
27004
20389
29453
5272
9313
4281
19912
20682
6115
5673
5335
4024
20487
31537
30879
31237
25973
32302
25876
5794
8933
24648
29391
18327
7892
26707
28258
1024
7547
3319
27112
29525
20225
2575
3296
19951
15856
25936
5691
9928
486
9771
17587
643
2701
17652
6495
24492
5836
5443
10372
5184
11327
12187
27823
9328
8933
7753
20480
30370
6425
20879
24521
2233
25540
7938
24152
2710
20176
20529
10000
478
16864
1159
6335
23294
7486
27251
31275
2925
25364
5061
3310
10545
224
26972
17028
7077
19746
510
18339
18809
3415
24711
22986
26618
6187
23878
6941
20372
26603
16036
22640
31125
12601
17670
30114
2867
20995
11765
29740
4561
11446
29309
18425
21630
17326
17618
28281
24255
10482
4410
31729
10382
5662
1574
4885
32674
16544
26530
31448
5617
15911
12784
18051
22900
3417
20336
17412
31018
5829
26052
9353
15199
14872
32304
4942
2350
15251
3399
11955
21317
9660
7620
6034
13288
29524
8886
2767
29241
5514
13536
14641
19126
10862
16223
20848
8451
30632
24461
28815
32490
32106
31782
27755
1184
13731
22441
11413
11849
21366
8705
1373
4799
5866
19813
18735
32655
2275
10877
1059
5701
13137
4038
5583
20202
10663
4151
7520
970
30095
1317
27625
27259
15323
28516
28922
7706
11711
29615
21877
7896
6718
30281
14493
27317
13283
6629
17264
5004
24241
9668
1591
30288
6748
5917
21595
30613
23738
25025
4730
26962
28788
9215
10938
32229
11265
20933
7005
27735
5333
6921
21398
10722
17109
4455
21147
23728
6159
20748
15612
27622
8360
12498
23603
20705
12053
15788
15484
3519
2190
1349
23783
27938
13760
29668
9643
28464
19395
18835
6333
2015
16715
27264
28833
4719
9250
3747
8577
7736
17110
5281
28796
30885
7855
31729
5440
6273
14819
19005
6619
20081
5645
24587
27854
24258
30428
156
22883
26725
15624
4372
23105
15672
28043
21212
31294
3976
14605
7493
14196
6355
6048
23150
7319
7634
19629
19303
1158
29622
26414
22422
15391
27315
4638
27482
30296
16827
18734
10735
18059
1932
17850
30354
5394
3308
14331
6373
16916
19507
8318
148
27294
27147
24021
27705
1014
13172
17036
30589
16684
15627
18271
21632
30449
1931
11689
13436
29100
19860
9760
9125
29131
24235
20416
23635
16983
11139
8965
21858
7628
26490
7517
4057
21799
25447
16605
26571
27968
1427
15411
27771
9818
773
20188
963
8697
15875
15767
23735
6900
28117
27417
30085
25546
29644
26882
14496
7993
387
5392
29981
26381
29797
5778
13917
21815
2671
20512
16108
8990
21559
6538
10921
21306
2094
22030
31783
6366
6946
15054
6484
29269
16903
22913
31576
10545
16630
17256
5568
11488
11126
22659
14556
31616
31227
5894
29541
3316
6316
32519
14179
29752
21353
24185
17998
10993
17165
6493
10356
15177
8176
16951
13210
15353
7601
5823
25830
21159
13362
13530
4605
12403
31203
7112
13672
15565
29508
19871
23100
25225
31653
9464
27386
13109
11056
13032
26548
21674
24106
14642
18289
27873
16758
5306
2259
8
2139
11325
13815
29909
12167
14144
24477
13083
29011
28998
21385
4251
20296
3398
4649
28
21730
32092
18295
14014
30613
25279
19233
15243
14350
14835
27623
5455
26811
5952
2629
2729
15757
1890
18003
10339
2301
26754
17641
511
19021
20325
20486
24722
28944
19684
22131
21462
31212
10140
3747
22906
18591
24038
16606
3772
25408
1034
31903
8250
29383
21167
15674
27653
11472
31126
16833
2552
2716
2696
7209
11848
29017
4237
15273
6747
12195
10079
30307
4062
29770
10014
22086
31250
8790
14405
11571
16742
9800
25565
13406
32075
12451
29681
15096
30788
31147
14401
10251
14908
29293
826
21413
3357
1791
29478
31544
12190
22025
23457
21825
10845
388
25420
2088
31533
31938
10693
2151
2737
31663
2518
8687
8234
26454
19436
12487
18317
31655
23755
19703
24025
29303
23681
28068
14247
24520
6552
18300
5634
9035
19600
27221
23930
4899
10125
25104
17268
17388
3660
24260
26052
4604
2651
10265
126
20456
20362
24561
13832
15946
25757
22606
7540
12482
17475
112
2829
1083
2636
11581
18224
19056
278
16614
10078
20142
9032
30152
15758
22491
26051
20624
4552
19383
24022
32163
6639
5986
6065
7613
25567
287
12573
17879
9656
18263
3178
13903
10360
12513
12200
3395
16592
29312
9242
30781
18992
3501
27111
10518
22565
3223
21523
4628
4580
16233
24750
11606
27687
24267
24907
21362
13623
14251
1972
25948
10058
17469
10972
19850
29968
22080
22549
7253
1161
13956
1155
17315
19481
23977
29393
13763
1502
10793
8482
27544
11585
14233
21323
5626
31435
15147
3391
32345
21051
2424
4554
23203
22229
10620
14723
6248
6652
6370
13820
25405
6147
9602
5435
27230
30529
41
6510
10647
15715
27800
14554
14692
28422
13007
23061
27223
19846
13707
8309
12218
10000
21005
23752
7542
27903
27933
30277
32051
1125
20815
24515
16065
1255
17029
27945
18358
22991
27317
7462
26201
31068
1004
11042
27583
9820
25491
32116
12596
28669
19186
17365
3293
25569
8434
23060
31131
9840
31015
17164
30257
25970
3085
20436
24490
22749
1170
18229
19189
17899
18133
8545
8659
14448
5166
11233
1779
26219
12398
10704
17754
29147
27752
17479
20233
31956
14768
24344
3802
17361
11170
9663
4524
12876
2470
25749
19135
9612
22195
583
30561
20927
29202
11655
26059
32072
13669
4865
9030
1626
13287
12177
21906
26310
32501
4787
17287
10769
5070
9531
20733
2506
22167
18502
29162
9242
16034
24688
22730
157
6127
8519
25668
22384
32243
11520
4106
20108
29593
23657
27905
8530
15495
17183
25762
26214
23458
17409
19360
26561
23252
18916
1994
16642
16397
30857
19764
14341
21383
27084
13969
951
6991
19229
15588
29993
12289
28468
21080
14051
20178
10241
9323
5754
19668
31970
18770
3173
20342
4377
23705
30220
28234
20093
20235
13858
8716
10351
28113
12085
9439
2832
25822
19587
10201
19122
16522
3344
450
10124
12924
17653
15129
14769
7630
2299
7000
22851
11884
30824
7034
22243
32701
22809
25017
6253
5766
14801
10908
28130
12811
3793
17201
12966
14455
31913
30871
3820
17021
17741
8384
28014
2624
2923
8309
31073
16752
24572
4763
14504
4790
19994
29876
5704
21075
22801
31913
28956
8708
8376
31686
714
3112
8194
29446
13045
23076
14800
15505
10932
10759
2057
28291
15427
1898
8429
23279
29433
2971
18086
20772
24442
18682
13600
1070
29742
1442
539
15008
1522
2380
17279
11153
17677
625
28655
11493
16997
18095
11680
5838
21747
29294
876
145
29556
11203
8226
14990
22113
3221
11297
10619
30242
30718
22821
26352
14719
24307
9312
19240
26711
14376
32461
17414
13972
12078
20417
7510
31582
20190
1475
7766
26767
11003
10653
8308
22119
19731
10163
858
30594
26790
17300
8744
2310
6795
27087
11776
21281
14222
21512
4552
3507
28254
13130
17195
32071
16551
21663
9441
23624
6011
29662
24113
25714
30454
12485
19380
3206
5410
23111
27995
20034
22552
1063
30131
2192
32616
6854
24168
20990
31931
26938
9737
20334
16311
17823
6922
25358
31011
22450
22543
18315
6476
11676
21864
27522
3495
4875
13271
8504
439
24199
9370
30346
10033
10500
4773
18727
18783
9139
28976
27388
12226
30
21361
27376
5115
7796
12715
21970
12012
30241
32615
911
8474
27810
30465
17577
14933
3736
15975
996
25756
24347
18718
12355
13883
12624
7046
818
28470
16446
21342
30469
26090
30941
6538
417
9970
10864
24852
26489
19528
4373
6002
15037
20396
28315
10759
23245
23626
9619
1260
40002
2036
25495
2730
28399
24403
31100
24630
26332
21275
15286
12302
26108
29440
18557
30623
11228
6378
2147
23100
30543
19949
20352
19894
20662
31611
6604
29997
18815
15576
26316
7717
21740
25807
30833
5084
7702
2980
31037
15580
32561
14665
19879
14028
32273
32724
5313
25739
29165
6705
7192
8832
13924
25364
19163
5419
4029
14386
18496
17920
9331
7601
24868
630
12273
13789
28914
12635
21146
24860
20933
4714
8972
6692
6097
7199
25766
25195
7167
27594
1864
21215
6615
31715
21593
9432
25763
5277
27919
18251
30673
10941
32234
21568
26266
8365
19330
31366
28385
7628
31875
12197
13150
28681
17654
15892
24827
11184
22210
940
17278
32131
15218
29789
3433
25357
31544
13600
22302
15667
13618
25388
6471
28940
3309
23405
9845
2803
4392
5682
26631
6106
32730
27430
25166
10465
2934
20865
17391
13607
1389
28799
1160
19935
4596
5138
22166
22695
18697
22995
28822
17430
26800
10815
29034
27284
31875
21024
25599
5999
7785
20553
9773
25131
13478
11142
14046
21529
20756
25811
12147
3115
5551
22988
27747
21766
16983
11109
10533
24921
10001